Date	Real GDP
1947	2034.45
1947.25	2029.024
1947.5	2024.834
1947.75	2056.508
1948	2087.442
1948.25	2121.899
1948.5	2134.056
1948.75	2136.44
1949	2107.001
1949.25	2099.814
1949.5	2121.493
1949.75	2103.688
1950	2186.365
1950.25	2253.045
1950.5	2340.112
1950.75	2384.92
1951	2417.311
1951.25	2459.196
1951.5	2509.88
1951.75	2515.408
1952	2542.286
1952.25	2547.762
1952.5	2566.153
1952.75	2650.431
1953	2699.699
1953.25	2720.566
1953.5	2705.258
1953.75	2664.302
1954	2651.566
1954.25	2654.456
1954.5	2684.434
1954.75	2736.96
1955	2815.134
1955.25	2860.942
1955.5	2899.578
1955.75	2916.985
1956	2905.656
1956.25	2929.666
1956.5	2927.034
1956.75	2975.209
1957	2994.259
1957.25	2987.699
1957.5	3016.979
1957.75	2985.775
1958	2908.281
1958.25	2927.395
1958.5	2995.112
1958.75	3065.141
1959	3123.978
1959.25	3194.429
1959.5	3196.683
1959.75	3205.79
1960	3277.847
1960.25	3260.177
1960.5	3276.133
1960.75	3234.087
1961	3255.914
1961.25	3311.181
1961.5	3374.742
1961.75	3440.924
1962	3502.298
1962.25	3533.947
1962.5	3577.362
1962.75	3589.128
1963	3628.306
1963.25	3669.02
1963.5	3749.681
1963.75	3774.264
1964	3853.835
1964.25	3895.793
1964.5	3956.657
1964.75	3968.878
1965	4064.915
1965.25	4116.267
1965.5	4207.782
1965.75	4304.731
1966	4409.518
1966.25	4424.581
1966.5	4462.053
1966.75	4498.66
1967	4538.498
1967.25	4541.28
1967.5	4584.246
1967.75	4618.812
1968	4713.013
1968.25	4791.758
1968.5	4828.892
1968.75	4847.885
1969	4923.76
1969.25	4938.728
1969.5	4971.349
1969.75	4947.104
1970	4939.759
1970.25	4946.77
1970.5	4992.357
1970.75	4938.857
1971	5072.996
1971.25	5100.447
1971.5	5142.422
1971.75	5154.547
1972	5249.337
1972.25	5368.485
1972.5	5419.184
1972.75	5509.926
1973	5646.286
1973.25	5707.755
1973.5	5677.738
1973.75	5731.632
1974	5682.353
1974.25	5695.859
1974.5	5642.025
1974.75	5620.126
1975	5551.713
1975.25	5591.382
1975.5	5687.087
1975.75	5763.665
1976	5893.276
1976.25	5936.515
1976.5	5969.089
1976.75	6012.356
1977	6083.391
1977.25	6201.659
1977.5	6313.559
1977.75	6313.697
1978	6333.848
1978.25	6578.605
1978.5	6644.754
1978.75	6734.069
1979	6746.176
1979.25	6753.389
1979.5	6803.558
1979.75	6820.572
1980	6842.024
1980.25	6701.046
1980.5	6693.082
1980.75	6817.903
1981	6951.495
1981.25	6899.98
1981.5	6982.609
1981.75	6906.529
1982	6799.233
1982.25	6830.251
1982.5	6804.139
1982.75	6806.857
1983	6896.561
1983.25	7053.5
1983.5	7194.504
1983.75	7344.597
1984	7488.167
1984.25	7617.547
1984.5	7690.985
1984.75	7754.117
1985	7829.26
1985.25	7898.194
1985.5	8018.809
1985.75	8078.415
1986	8153.829
1986.25	8190.552
1986.5	8268.935
1986.75	8313.338
1987	8375.274
1987.25	8465.63
1987.5	8539.075
1987.75	8685.694
1988	8730.569
1988.25	8845.28
1988.5	8897.107
1988.75	9015.661
1989	9107.314
1989.25	9176.827
1989.5	9244.816
1989.75	9263.033
1990	9364.259
1990.25	9398.243
1990.5	9404.494
1990.75	9318.876
1991	9275.276
1991.25	9347.597
1991.5	9394.834
1991.75	9427.581
1992	9540.444
1992.25	9643.893
1992.5	9739.185
1992.75	9840.753
1993	9857.185
1993.25	9914.565
1993.5	9961.873
1993.75	10097.362
1994	10195.338
1994.25	10333.495
1994.5	10393.898
1994.75	10512.962
1995	10550.251
1995.25	10581.723
1995.5	10671.738
1995.75	10744.203
1996	10824.674
1996.25	11005.217
1996.5	11103.935
1996.75	11219.238
1997	11291.665
1997.25	11479.33
1997.5	11622.911
1997.75	11722.722
1998	11839.876
1998.25	11949.492
1998.5	12099.191
1998.75	12294.737
1999	12410.778
1999.25	12514.408
1999.5	12679.977
1999.75	12888.281
2000	12935.252
2000.25	13170.749
2000.5	13183.89
2000.75	13262.25
2001	13219.251
2001.25	13301.394
2001.5	13248.142
2001.75	13284.881
2002	13394.91
2002.25	13477.356
2002.5	13531.741
2002.75	13549.421
2003	13619.434
2003.25	13741.107
2003.5	13970.157
2003.75	14131.379
2004	14212.34
2004.25	14323.017
2004.5	14457.832
2004.75	14605.595
2005	14767.846
2005.25	14839.707
2005.5	14956.291
2005.75	15041.232
2006	15244.088
2006.25	15281.525
2006.5	15304.517
2006.75	15433.643
2007	15478.956
2007.25	15577.779
2007.5	15671.605
2007.75	15767.146
2008	15702.906
2008.25	15792.773
2008.5	15709.562
2008.75	15366.607
2009	15187.475
2009.25	15161.772
2009.5	15216.647
2009.75	15379.155
2010	15456.059
2010.25	15605.628
2010.5	15726.282
2010.75	15807.995
2011	15769.911
2011.25	15876.839
2011.5	15870.684
2011.75	16048.702
2012	16179.968
2012.25	16253.726
2012.5	16282.151
2012.75	16300.035
2013	16441.485
2013.25	16464.402
2013.5	16594.743
2013.75	16712.76
2014	16654.247
2014.25	16868.109
2014.5	17064.616
2014.75	17141.235
2015	17280.647
2015.25	17380.875
2015.5	17437.08
2015.75	17462.579
2016	17565.465
2016.25	17618.581
2016.5	17724.489
2016.75	17812.56
2017	17889.094
2017.25	17979.218
2017.5	18127.994
2017.75	18310.3
2018	18437.127
2018.25	18565.697
2018.5	18699.748
2018.75	18733.741
2019	18835.411
2019.25	18962.175
2019.5	19130.932
2019.75	19215.691
2020	18989.877
2020.25	17378.712
2020.5	18743.72
2020.75	18924.262
2021	19216.224
2021.25	19544.248
2021.5	19672.594
2021.75	20006.181
2022	19924.088
2022.25	19895.271
2022.5	20054.663
2022.75	20187.495
