1947	14213.0
1947.25	14111.0
1947.5	14018.0
1947.75	14171.0
1948	14326.0
1948.25	14505.0
1948.5	14525.0
1948.75	14474.0
1949	14212.0
1949.25	14107.0
1949.5	14192.0
1949.75	14009.0
1950	14500.0
1950.25	14889.0
1950.5	15398.0
1950.75	15623.0
1951	15769.0
1951.25	15979.0
1951.5	16234.0
1951.75	16192.0
1952	16299.0
1952.25	16271.0
1952.5	16317.0
1952.75	16776.0
1953	17025.0
1953.25	17093.0
1953.5	16920.0
1953.75	16586.0
1954	16436.0
1954.25	16387.0
1954.5	16496.0
1954.75	16737.0
1955	17144.0
1955.25	17353.0
1955.5	17508.0
1955.75	17528.0
1956	17388.0
1956.25	17461.0
1956.5	17364.0
1956.75	17562.0
1957	17595.0
1957.25	17485.0
1957.5	17578.0
1957.75	17317.0
1958	16805.0
1958.25	16850.0
1958.5	17166.0
1958.75	17486.0
1959	17745.0
1959.25	18075.0
1959.5	18011.0
1959.75	17983.0
1960	18279.0
1960.25	18072.0
1960.5	18070.0
1960.75	17768.0
1961	17828.0
1961.25	18061.0
1961.5	18331.0
1961.75	18610.0
1962	18875.0
1962.25	18979.0
1962.5	19138.0
1962.75	19124.0
1963	19269.0
1963.25	19422.0
1963.5	19774.0
1963.75	19827.0
1964	20182.0
1964.25	20337.0
1964.5	20580.0
1964.75	20571.0
1965	21011.0
1965.25	21219.0
1965.5	21618.0
1965.75	22044.0
1966	22525.0
1966.25	22543.0
1966.5	22664.0
1966.75	22780.0
1967	22926.0
1967.25	22883.0
1967.5	23035.0
1967.75	23144.0
1968	23566.0
1968.25	23905.0
1968.5	24025.0
1968.75	24054.0
1969	24380.0
1969.25	24399.0
1969.5	24491.0
1969.75	24300.0
1970	24204.0
1970.25	24163.0
1970.5	24303.0
1970.75	23960.0
1971	24535.0
1971.25	24597.0
1971.5	24723.0
1971.75	24705.0
1972	25099.0
1972.25	25608.0
1972.5	25783.0
1972.75	26146.0
1973	26735.0
1973.25	26966.0
1973.5	26758.0
1973.75	26946.0
1974	26660.0
1974.25	26666.0
1974.5	26347.0
1974.75	26177.0
1975	25806.0
1975.25	25928.0
1975.5	26294.0
1975.75	26579.0
1976	27119.0
1976.25	27260.0
1976.5	27339.0
1976.75	27464.0
1977	27724.0
1977.25	28195.0
1977.5	28623.0
1977.75	28543.0
1978	28567.0
1978.25	29596.0
1978.5	29806.0
1978.75	30119.0
1979	30096.0
1979.25	30050.0
1979.5	30182.0
1979.75	30164.0
1980	30174.0
1980.25	29470.0
1980.5	29347.0
1980.75	29813.0
1981	30335.0
1981.25	30042.0
1981.5	30319.0
1981.75	29911.0
1982	29384.0
1982.25	29453.0
1982.5	29265.0
1982.75	29205.0
1983	29530.0
1983.25	30140.0
1983.5	30667.0
1983.75	31233.0
1984	31783.0
1984.25	32267.0
1984.5	32498.0
1984.75	32686.0
1985	32941.0
1985.25	33161.0
1985.5	33581.0
1985.75	33746.0
1986	33994.0
1986.25	34075.0
1986.5	34316.0
1986.75	34418.0
1987	34607.0
1987.25	34907.0
1987.5	35123.0
1987.75	35638.0
1988	35751.0
1988.25	36145.0
1988.5	36262.0
1988.75	36654.0
1989	36953.0
1989.25	37151.0
1989.5	37323.0
1989.75	37295.0
1990	37617.0
1990.25	37636.0
1990.5	37529.0
1990.75	37056.0
1991	36769.0
1991.25	36938.0
1991.5	36993.0
1991.75	36995.0
1992	37328.0
1992.25	37607.0
1992.5	37839.0
1992.75	38102.0
1993	38053.0
1993.25	38158.0
1993.5	38210.0
1993.75	38606.0
1994	38876.0
1994.25	39288.0
1994.5	39390.0
1994.75	39720.0
1995	39754.0
1995.25	39760.0
1995.5	39969.0
1995.75	40117.0
1996	40317.0
1996.25	40873.0
1996.5	41106.0
1996.75	41401.0
1997	41558.0
1997.25	42128.0
1997.5	42514.0
1997.75	42745.0
1998	43062.0
1998.25	43342.0
1998.5	43748.0
1998.75	44321.0
1999	44627.0
1999.25	44876.0
1999.5	45326.0
1999.75	45932.0
2000	45983.0
2000.25	46704.0
2000.5	46624.0
2000.75	46777.0
2001	46519.0
2001.25	46698.0
2001.5	46390.0
2001.75	46400.0
2002	46683.0
2002.25	46866.0
2002.5	46936.0
2002.75	46883.0
2003	47027.0
2003.25	47342.0
2003.5	48012.0
2003.75	48450.0
2004	48633.0
2004.25	48905.0
2004.5	49243.0
2004.75	49623.0
2005	50068.0
2005.25	50204.0
2005.5	50470.0
2005.75	50629.0
2006	51200.0
2006.25	51210.0
2006.5	51155.0
2006.75	51455.0
2007	51492.0
2007.25	51705.0
2007.5	51882.0
2007.75	52066.0
2008	51740.0
2008.25	51923.0
2008.5	51523.0
2008.75	50281.0
2009	49594.0
2009.25	49408.0
2009.5	49473.0
2009.75	49886.0
2010	50036.0
2010.25	50424.0
2010.5	50706.0
2010.75	50859.0
2011	50646.0
2011.25	50897.0
2011.5	50769.0
2011.75	51232.0
2012	51559.0
2012.25	51702.0
2012.5	51684.0
2012.75	51634.0
2013	51998.0
2013.25	51982.0
2013.5	52284.0
2013.75	52544.0
2014	52266.0
2014.25	52840.0
2014.5	53340.0
2014.75	53464.0
2015	53806.0
2015.25	54021.0
2015.5	54081.0
2015.75	54045.0
2016	54267.0
2016.25	54334.0
2016.5	54549.0
2016.75	54714.0
2017	54866.0
2017.25	55057.0
2017.5	55413.0
2017.75	55877.0
2018	56195.0
2018.25	56512.0
2018.5	56831.0
2018.75	56851.0
2019	57100.0
2019.25	57418.0
2019.5	57845.0
2019.75	58017.0
2020	57279.0
2020.25	52393.0
2020.5	56479.0
2020.75	56993.0
2021	57882.0
2021.25	58842.0
2021.5	59169.0
2021.75	60117.0
2022	59836.0
2022.25	59688.0
2022.5	60080.0
2022.75	60391.0
